56526431
56516448
56509949
56509352
56508874
56507826
56526431
56516448
56509949
56509352
56508874
56507826
56505495
56504972
56504012
56502657
56501890
56500452
56499723
56497752
56495926
56493896
56492637
56492528
56492104
56477669
56474785
56473482
56471929
56471746
56468901
56468577
56468269
56468198
56467529
56459870
56445074
56439757
56436430
56436315
56434995
56434771
56430832
56428442
56428019
56427868
56427081
56427041
56426346
56414300
56408853
56407366
56407139
56405710
56405708
56404362
56403554
56402904
56401276
56398995
56394624
56392872
56392302
56392172
56391486
56387225
56386144
56373004
56372602
56372571
56372209
56369891
56369006
56368274
56367631
56367554
56366856
56364120
56360651
56356170
56355636
56355607
56355414
56352478
56347995
56341679
56339541
56338963
56335670
56334241
56334013
56333649
56333648
56333060
56332075
56330878
56330202
56329961
56329959
56327324
56327030
56326289
56325053
56324891
56323676
56323048
56321121
56321120
56320700
56316938
56316366
56315854
56315239
56314295
56308872
56307357
56299745
56296233
56295702
56294414
56292167
56292126
56287465
56287443
56287408
56285614
56284395
56283870
56283834
56283770
56283766
56283550
56282974
56282302
56281658
56276119
56275959
56273049
56271585
56271410
56271094
56265656
56264511
56263662
56262031
56261893
56252686
56252291
56248515
56248083
56246816
56242319
56239520
56238775
56234241
56234037
56232197
56231723
56231136
56217660
56215638
56210353
56207702
56206772
56205316
56201045
56200645
56200334
56196825
56194361
56193600
56187621
56184632
56168013
56166842
56166787
56166379
56165229
56164464
56163363
56162347
56159974
56159749
56150678
56150255
56149712
56147073
56146011
56127220
56127157
56121365
56117061
56113500
56111360
56111235
56111233
56109740
56106539
56093274
56087236
56085992
56081240
56081110
56081108
56080557
56076785
56076552
56076550
56076329
56072382
56069112
56069033
56068296
56068235
56068112
56068069
56062293
56061397
56058454
56053666
56051321
56049929
56043220
56043219
56042042
56033201
56031897
56031509
56024996
56024513
56023587
56023337
56022991
56020628
56020051
56017244
56012299
56008138
56005317
56005316
56004181
55999894
55998386
55996712
55996440
55981334
55979385
55976990
55975186
55973604
55971849
55971754
55971485
55971484
55967033
55963935
55962025
55960943
55960003
55957195
55954593
55952159
55949729
55944502
55939592
55931148
55928776
55928087
55924520
55923559
55923556
55913829
55910550
55910474
55910471
55906310
55904946
55904083
55891251
55887277
55886610
55877778
55871797
55867023
55866834
55863087
55858604
55852170
55838077
55832254
55832251
55818065
55818064
55817013
55813416
55812318
55807577
55807558
55803516
55797862
55789719
55789587
55788960
55785306
55747501
55738515
55738178
55737898
55674637
55665090
55661870
55646429
55646355
55643311
55642353
55622132
55618292
55597295
55593856
55590043
55585673
55579753
55576042
55564537
55560041
55552555
55551452
55551451
55549739
55549685
55546108
55540332
55540331
55537256
55537198
55535567
55524811
55524467
55516997
55516512
55511611
55507245
55507244
55505034
55504937
55499612
55494039
55493944
55493441
55491619
55490495
55489246
55489120
55487299
55468798
55465010
55462068
55461506
55461461
55460269
55459813
55459522
55457675
55457611
55457610
55456977
55455787
55455222
55452495
55452130
55451979
55451924
55449996
55447807
55446304
55446146
55444196
55442552
55442536
55442467
55442025
55441822
55440150
55438805
55438535
55438097
55436969
55436793
55436753
55436585
55435160
55434695
55425488
55424980
55420469
55412452
55412418
55410681
55410295
55405395
55405392
55405308
55405307
55401927
55379858
55376901
55375342
55374221
55372809
55371367
55371220
55370310
55368999
55368285
55365938
55364575
55364318
55364075
55363849
55363147
55361915
55361812
55360244
55359088
55355663
55355661
55354803
55354559
55353527
55350874
55349742
55349145
55348717
55347088
55346080
55345297
55345129
55338107
55337116
55334475
55329667
55328417
55326941
55325360
55325193
55320108
55319836
55319658
55318676
55311050
55308905
55306924
55303059
55303058
55303057
55302865
55299750
55299552
55297814
55289517
55279188
55275508
55271752
55271355
55266627
55266239
55265966
55265088
55264816
55264259
55263833
55263830
55263654
55263650
55258802
55257896
55256355
55255884
55255883
55254942
55254634
55254245
55254232
55253339
55252824
55252823
55251669
55249989
55249797
55249101
55249099
55248927
55247661
55247429
55247339
55247303
55246712
55245571
55245492
55245432
55244972
55240603
55237148
55236191
55236188
55236163
55236160
55235076
55228624
55226541
55223165
55222076
55198320
55160663
55155435
55150106
55017080
54821827
54731299
54582320
50523068
50147801
50136601
