1418237
1752674
1804362
2032178
2274435
2750437
3302415
3390728
3413577
4052005
5206562
5210356
5417141
5766215
5859555
6159886
6272989
6675887
6766748
6801969
6908410
7439641
7709362
7742770
7762099
7772471
7837009
8471827
8481513
8593881
8690490
8765971
9098920
9109709
9123247
9214633
9654802
9815095
9876463
10208378
10843180
10843544
10847424
10887542
10896548
10928788
10970615
10973237
11941395
12455046
13249849
13257347
13461791
13552287
14157875
14227598
14241427
14250314
14257771
14258236
14296914
14319981
14344277
14822083
15040849
15248317
15269496
17387806
18015423
18021534
18062058
18068224
18070776
18217794
18248689
18397304
18399012
18402518
18490634
18627282
18917595
19020701
19391220
19415120
19595061
19609401
19718817
19719708
19732457
19737972
19749468
19786220
19804204
19848069
19933230
19973734
20105035
20141438
20496362
20498019
20553959
20636331
20699368
20714244
20819747
21079968
21118137
21131045
21174471
21360962
21881008
21902157
22048382
22070816
22147448
22236845
22237040
22238407
22242956
22243055
22523562
22573749
22590375
22699786
22757046
22759705
23060560
23062462
23229017
23338872
23356955
23357511
23395522
23465729
23498994
23585569
23587019
23637997
23654041
23799374
23883710
23894979
23900728
24001075
24241898
24250662
24877771
24964959
25074190
25074424
25074734
25074833
25074981
25075070
25087096
25195050
25311902
25322850
25365744
25412466
25491807
25655720
25759351
25832895
25855458
26185090
26694745
26780621
26924311
26945926
27011594
27011944
27047033
27047270
27047281
27047297
27244838
27244856
27309984
27310913
27357344
27357410
27405038
27409014
27435650
27586541
27676324
27676335
27751645
27751746
27751876
27794009
27806729
27806879
27842785
27855840
27856932
27867379
27882468
27889330
27904396
27944630
27952145
27965204
27987198
27997109
28002683
28034238
28034380
28039883
28052571
28087501
28087663
28093797
28188343
28220361
28259175
28269086
28277847
28289277
28299051
28347993
28418522
28447991
28503344
28506541
28515026
28557960
28569642
28571510
28589712
28590400
28591813
28603652
28655386
28679909
28695272
28695945
28708647
28755322
28841230
28913793
28961697
28965447
28969244
29055696
29078065
29087403
29155878
29180121
29200601
29214107
29344172
29370903
29403159
29408130
29429912
29482398
29509842
29533783
29552586
29560628
29657762
29677421
29855795
29877782
29971971
30013877
30014569
30014660
30035712
30159249
30213581
30222413
30301754
30310407
30312361
30410391
30541508
30597600
30711680
30713092
30727550
30803088
30835347
30935373
30994358
31029360
31058086
31080237
31099365
31100731
31102122
31176790
31275109
31455518
31472748
31472982
31573379
31609175
31676999
31721820
31784492
31799476
31855820
31906557
31921302
31941086
31958602
31963604
32124497
32152974
32187007
32187035
32245029
32257885
32297769
32299609
32363550
32449794
32513206
32514847
32515279
32525530
32548155
32728522
32734493
32785082
32878648
32899407
32953704
32964673
33046288
33077968
33091227
33126751
33167131
33172858
33181989
33193128
33212491
33214254
33224648
33231059
33231722
33258155
33278558
33282737
33325214
33415960
33416737
33456054
33489315
33491874
33494127
33550069
33578637
33588328
33649803
33671209
33689288
33714590
33752974
33763307
33814890
33816005
33836701
33879759
33879786
33900356
33954812
33986709
34016962
34042744
34043071
34083796
34110940
34157458
34203453
34220006
34221617
34224635
34257775
34260600
34309761
34314402
34343243
34345814
34368770
34400821
34416834
34427693
34452419
34466016
34488203
34507163
34511697
34513341
34553567
34596764
34669060
34675034
34816411
34829029
34878800
34897002
34974409
34975807
35065260
35090327
35101851
35148743
35149632
35152231
35172974
35191586
35242661
35248790
35264466
35267071
35321446
35324725
35336192
35358221
35364386
35379633
35417145
35438459
35451527
35462302
35470578
35474601
35489187
35537445
35575538
35579608
35602399
35647573
35745176
35776848
35798257
35851545
36002444
36014295
36021350
36021756
36028004
36059321
36064659
36090021
36090733
36128573
36220953
36234570
36236112
36239708
36260796
36282381
36307338
36310913
36342244
36343087
36343279
36349149
36359887
36383296
36383369
36385528
36405865
36409263
36456452
36471111
36481080
36489669
36506448
36541875
36546959
36547428
36592419
36598222
36618208
36622542
36667366
36672363
36678600
36735835
36745492
36754855
36761735
36769493
36772887
36784802
36805306
36818323
36834233
36846098
36854456
36877300
36907712
36910227
36952534
36956882
37020630
37028133
37052972
37064618
37065430
37067100
37141878
37170016
37232774
37283057
37347389
37382473
37394717
37422558
37437331
37453606
37465182
37490426
37520730
37577542
37616102
37617979
37654644
37724973
37729383
37739816
37757770
37782789
37793809
37795984
37797239
37848118
37854613
37866077
37876731
37890637
37891114
37902655
37918864
37930653
37947883
37973140
37983034
37989867
38021666
38024597
38102198
38103260
38111699
38138964
38172939
38176414
38182364
38200437
38235998
38263835
38275035
38320628
38367251
38491665
38667957
38795416
38853001
38866023
38866027
38866665
38867337
38868596
38869362
38918397
38925297
38954896
38985524
39052851
39054245
39055913
39131947
39133944
39134293
39138775
39142437
39221416
39307720
39331337
39343534
39353173
39388323
39389912
39479140
39501033
39515062
39526610
39539931
39594475
39625077
39630436
39656544
39660619
39662373
39667535
39675513
39789571
39823312
39828004
39829308
39875609
39904689
39935351
39972583
40026985
40037253
40049325
40055373
40158332
40183966
40186554
40187784
40251817
40275921
40331704
40347703
40389813
40410012
40463676
40465897
40482391
40514438
40516080
40551605
40553340
40582293
40676364
40699363
40714300
40723661
40773364
40783554
40800275
40815767
40856935
40862069
40878739
40881490
40933667
40943407
41018093
41048770
41059896
41105612
41146791
41188381
41203870
41238180
41262465
41308206
41339748
41376420
41387295
41413780
41414052
41419174
41423388
41452773
41452877
41462772
41466455
41471667
41476762
41505027
41528690
41535027
41542161
41543105
41549584
41557422
41565243
41577749
41592958
41617210
41627276
41642211
41644394
41687096
41687243
41705002
41722327
41789287
41800846
41814450
41816859
41820606
41864813
41869132
41874664
41874839
41892001
41899100
41899693
41915947
41923494
41925234
41936768
41958575
41968697
41986032
42024975
42063265
42069452
42091372
42131381
42139317
42147994
42167397
42169036
42215244
42242072
42262478
42263530
42270775
42288134
42298302
42308401
42313425
42317117
42330176
42336069
42342408
42361352
42368600
42391781
42409470
42417633
42418373
42422207
42424580
42439323
42447353
42458609
42460807
42466047
42468852
42478371
42484012
42487916
42490941
42498554
42518062
42526922
42569721
42569811
42572169
42577640
42577877
42578152
42623584
42626905
42628099
42630643
42653286
42654653
42658111
42673490
42720339
42734859
42740495
42752503
42755766
42760689
42762679
42790999
42791291
42804771
42813072
42816839
42826223
42837447
42850026
42852079
42883674
42884242
42907951
42917132
42942734
42971898
43000516
43000652
43001929
43020602
43029646
43044642
43046761
43056918
43095844
43101819
43113435
43115505
43117989
43124024
43125077
43152052
43152777
43155739
43166250
43168985
43194480
43214710
43229139
43238213
43247493
43251540
43284336
43295993
43312053
43314160
43314921
43329198
43342109
43365061
43369034
43384840
43402356
43410575
43413802
43416812
43422157
43439873
43443512
43448582
43460758
43468754
43487672
43490155
43490765
43496538
43505191
43507239
43530995
43541074
43562718
43573494
43577490
43633891
43634176
43669564
43670417
43681173
43685912
43708365
43738447
43745296
43770684
43799619
43804422
43806319
43808048
43810887
43824549
43825194
43842460
43842666
43855611
43860575
43863785
43875299
43879616
43882945
43883268
43886119
43892772
43895516
43906213
43923890
43924163
43926984
43965532
43975390
43975736
43995269
43995389
43995521
44036787
44045488
44060113
44099225
44108414
44130737
44182657
44194237
44271586
44296467
44317147
44318098
44324182
44372466
44381876
44388804
44402017
44420069
44430206
44432494
44458456
44469862
44477228
44489661
44499433
44514783
44522423
44539035
44542788
44567747
44583182
44584670
44616515
44647579
44653684
44661159
44697697
44698166
44703812
44749248
44790496
44801675
44814023
44814731
44827011
44838401
44839824
44844990
44847001
44854475
44860092
44861971
44862528
44862793
44869050
44869616
44899645
44935555
44946008
44964170
44979598
44986643
44987217
45017202
45070546
45120386
45166396
45194699
45205088
45213543
45223575
45238643
45238744
45239036
45239802
45240194
45242064
45246303
45251225
45252061
45255568
45257041
45258094
45260310
45263810
45265301
45268436
45272619
45278485
45286984
45287486
45289045
45292211
45334025
45340162
45355342
45356678
45360278
45363707
45366433
45373132
45379469
45380142
45381386
45387510
45393517
45394274
45395814
45397108
45398116
45405263
45422345
45427127
45430853
45437262
45437298
45443822
45457930
45457945
45459231
45465631
45484517
45488453
45494522
45495798
45496319
45501367
45506885
45532072
45692187
45713764
45716031
45760818
45771688
45778257
45864422
45900770
45918665
45957435
45994807
45995448
45995770
46034791
46089404
46090648
46097203
46098128
46156175
46159254
46171291
46205987
46228370
46231903
46232576
46299407
46313670
46326601
46370300
46373542
46382509
46478502
46479860
46499499
46543895
46595248
46597784
46602403
46674186
46706232
46717720
46721884
46722045
46722641
46723012
46723503
46725108
46727375
46740545
46743982
46750349
46751513
46757237
46781745
46785722
46806162
46817717
46820281
46836194
46849413
46874487
46876962
47021985
47036097
47106440
47127347
47133375
47223954
47235409
47269072
47327803
47514880
47628712
47685841
47697553
47730286
47731258
47750328
47752227
47759303
47769376
47797117
47804425
47804923
47834764
47836130
47909207
47963849
48003473
48014435
48043416
48098457
48170902
48309042
48440347
48460594
48464211
48472501
48506143
48526090
48527814
48531983
48532156
48532329
48532649
48532884
48532941
48533582
48533889
48537625
48539970
48540471
48546777
48550910
48556370
48562604
48571458
48576864
48580107
48596096
48598692
48639449
48639748
48650861
48657955
48665423
48694387
48709629
48749815
48800297
48811323
48872671
48931595
49018845
49120117
49136556
49162362
49197359
49220966
49270204
49299052
49354727
49360619
49395158
49488162
49507346
49517538
49539522
49570486
49644063
49716854
49770385
49860405
49897576
49918680
49919158
49977354
49994396
50005686
50005903
50006187
50023061
50088566
50089367
50173901
50199080
50248063
50248084
50250351
50266989
50276776
50302902
50305018
50348749
50351618
50404582
50431513
50461054
50467906
50552189
50556713
50562302
50575238
50586119
50613000
50642388
50651489
50789811
50890116
50912487
50971599
50993408
51014508
51015181
51016796
51019831
51026414
51043843
51147837
51224190
51247467
51260794
51288030
51320010
51352094
51438170
51460397
51463313
51508654
51518310
51573462
51670058
51732484
51751296
51760810
51805898
51812268
51865277
51869160
51900334
51906420
51920663
51920910
51920991
51921322
51921651
51922293
51922481
51922485
51922896
51923107
51923159
51924569
51928891
51929376
51930410
51931990
51934711
51935664
51936359
51939691
51944025
51944546
51947575
51949925
51952693
51953115
51967644
51968159
51973155
51975994
51981171
51982726
51986288
51989662
52058341
52060741
52081661
52107457
52110115
52114073
52116641
52120383
52122517
52173300
52173989
52186139
52196402
52217055
52253774
52271642
52274536
52314569
52326149
52336358
52359523
52360776
52366277
52377223
52430840
52505702
52520042
52630088
52688343
52720648
52745430
52755487
52779381
52792180
52845613
52853674
52854441
52857541
52873220
52899429
52904839
52969755
52979053
52980694
53005668
53011210
53015784
53029120
53035724
53064150
53095662
53116826
53138171
53148095
53158399
53171612
53175527
53198460
53206701
53237086
53268717
53270496
53275117
53284032
53331178
53333514
53339871
53346034
53389115
53403689
53423262
53435494
53449550
53452538
53456572
53481431
53491867
53493109
53493113
53493282
53493321
53493547
53493831
53494039
53494052
53495268
53495380
53495987
53497564
53497966
53498991
53499595
53501588
53501725
53501890
53502250
53505994
53512930
53522861
53543844
53545512
53550838
53571775
53584130
53586122
53598440
53601200
53608658
53608972
53627175
53640680
53641318
53660079
53676255
53730285
53778429
53804641
53812316
53824499
53834440
53839085
53841022
53843257
53857596
53857944
53858070
53879006
53891309
53900596
53919025
53948871
53977185
53990378
54018750
54022194
54023870
54036175
54037033
54061940
54078021
54081590
54083544
54101348
54103205
54114553
54147253
54161576
54211553
54215188
54218574
54219268
54223358
54223691
54224818
54224925
54226827
54229003
54229860
54230080
54230725
54231026
54233440
54241328
54243679
54244859
54245077
54257764
54271210
54286336
54304985
54317737
54330868
54347325
54347354
54357595
54386199
54390777
54396801
54400388
54400968
54410707
54418095
54424914
54449653
54449832
54449975
54450634
54450935
54456507
54457706
54472292
54475846
54479608
54482138
54485704
54489112
54499355
54506386
54508893
54513141
54518027
54527847
54533747
54546306
54582320
54642519
54647703
54647953
54697243
54723786
54727041
54731299
54732517
54732794
54733625
54736114
54750265
54769707
54770550
54774229
54802318
54803633
54811611
54814961
54824812
54828535
54841315
54861461
54868491
54900809
54903409
54904296
54906294
54907208
54945596
54948234
54951119
54955307
54984932
54988610
54988997
55022658
55031157
55059141
55060100
55070939
55072360
55073597
55080329
55083321
55085670
55093080
55110308
55111853
55118227
55126831
55141552
55147358
55149356
55150106
55153996
55156399
55156524
55160031
55160247
55172876
55194393
55196736
55198320
55201063
55204060
55215626
55222076
55226541
55227325
55227994
55228624
55230308
55230715
55232109
55236160
55236163
55236188
55236191
55236288
55237687
55245347
55245494
55245569
55246195
55246196
55246735
55247283
55247303
55249097
55251669
55252824
55253496
55254096
55254232
55254634
55254907
55254909
55256423
55258475
55258802
55263250
55263654
55264259
55265088
55265967
55272120
55272366
55273533
55277171
55287615
55288429
55288430
55294164
55299750
55302865
55303058
55303059
55304342
55306913
55306915
55310905
55311050
55317625
55319641
55326824
55328645
55328696
55328796
55329667
55332984
55343184
55343888
55344530
55345129
55345563
55346080
55346936
55347088
55349135
55349145
55350874
55354559
55354803
55356945
55358462
55361812
55363158
55366293
55368285
55368334
55368893
55368999
55371051
55371220
55371366
55377784
55382610
55387349
55391908
55393600
55398013
55401241
55401432
55402908
55412418
55417988
55431119
55435480
55435516
55436585
55436753
55436969
55437014
55437191
55437464
55438098
55438534
55439677
55441822
55442810
55442811
55444296
55446136
55447807
55448087
55448088
55448643
55450752
55451924
55452130
55456940
55457610
55457953
55459810
55461505
55464841
55471048
55481675
55487288
55489246
55489622
55491671
55495624
55495960
55495961
55495962
55495970
55496050
55496233
55496335
55496947
55498079
55499612
55499912
55501441
55504779
55504937
55506886
55511611
55515346
55516993
55524467
55524804
55524811
55535567
55537198
55541394
55541787
55546108
55546141
55548588
55549685
55549739
55550671
55552004
55552555
55552811
55560041
55574222
55574948
55577406
55579852
55585673
55587462
55589191
55590043
55593856
55608641
55622132
55629115
55635267
55635768
55642353
55643311
55646355
55649121
55650607
55661870
55664887
55664903
55664951
55669354
55679009
55725249
55738178
55738301
55738391
55738393
55746733
55747261
55747501
55784142
55789584
55789587
55805526
55805527
55807558
55807577
55812070
55812318
55813413
55813416
55815376
55818065
55832051
55852170
55853679
55856623
55863087
55867023
55868526
55869549
55872509
55877778
55877942
55881225
55881257
55886826
55904083
55907227
55910471
55910474
55910552
55913829
55923558
55923559
55924520
55925179
55926050
55928087
55928146
55928776
55930619
55934503
55939592
55957195
55960003
55960943
55962025
55963935
55971754
55975188
55975189
55975255
55975907
55977948
55977949
55978130
55978131
55979083
55979334
55997447
55998386
55999894
56000638
56004181
56006687
56006691
56008138
56012299
56017224
56020051
56020628
56022991
56023588
56024513
56027793
56028584
56030805
56030983
56031026
56031509
56031897
56036437
56037941
56038456
56038458
56039167
56043219
56050219
56051831
56052211
56053666
56061397
56062293
56066235
56068069
56068070
56068968
56069112
56070794
56070818
56071747
56076329
56076550
56076552
56076785
56076871
56076922
56078666
56081108
56081202
56081240
56084601
56087236
56087317
56093274
56097944
56103887
56105868
56106539
56111233
56111235
56111343
56113500
56117061
56117063
56120936
56121365
56122454
56122548
56124651
56125074
56127220
56128981
56130393
56135942
56157603
56158682
56159974
56162347
56162401
56162439
56163363
56164464
56164582
56165228
56165229
56166379
56166831
56168010
56173699
56184632
56188372
56192392
56195940
56196826
56200334
56200645
56202429
56205316
56207702
56211444
56228147
56231136
56232197
56234037
56234220
56237188
56238775
56239137
56239520
56242319
56242356
56245551
56247531
56251304
56252291
56252686
56254144
56254400
56261893
56262031
56264511
56265656
56271610
56276119
56276696
56281373
56281658
56281818
56282974
56283550
56283766
56283770
56283834
56283870
56283916
56283944
56284395
56285905
56287394
56287396
56287408
56287465
56289496
56290264
56290689
56292299
56293211
56294034
56294363
56294414
56299126
56300449
56308872
56314295
56316938
56318155
56321121
56323048
56323677
56324646
56324891
56325763
56326021
56326394
56327966
56329959
56329961
56333060
56333646
56336531
56337067
56337070
56338963
56352478
56356140
56357962
56360651
56360830
56364120
56367554
56367693
56369006
56369007
56372628
56372696
56386144
56389130
56392172
56392872
56393488
56394688
56398547
56398995
56399208
56401276
56402904
56403052
56404362
56405696
56426346
56427081
56427868
56428116
56430832
56435108
56438109
56449798
56455990
56459870
